(kicad_pcb (version 20171130) (host pcbnew "(5.0.2)-1")

  (general
    (thickness 1.6)
    (drawings 13)
    (tracks 0)
    (zones 0)
    (modules 28)
    (nets 26)
  )

  (page A4)
  (title_block
    (title EffectUnit1)
    (date 2019-02-05)
    (rev "Rev A")
    (company "Johansen Engineering")
  )

  (layers
    (0 F.Cu signal)
    (31 B.Cu signal)
    (32 B.Adhes user)
    (33 F.Adhes user)
    (34 B.Paste user)
    (35 F.Paste user)
    (36 B.SilkS user)
    (37 F.SilkS user)
    (38 B.Mask user)
    (39 F.Mask user)
    (40 Dwgs.User user)
    (41 Cmts.User user)
    (42 Eco1.User user)
    (43 Eco2.User user)
    (44 Edge.Cuts user)
    (45 Margin user)
    (46 B.CrtYd user)
    (47 F.CrtYd user)
    (48 B.Fab user)
    (49 F.Fab user)
  )

  (setup
    (last_trace_width 0.25)
    (trace_clearance 0.2)
    (zone_clearance 0.508)
    (zone_45_only no)
    (trace_min 0.2)
    (segment_width 0.5)
    (edge_width 1)
    (via_size 0.8)
    (via_drill 0.4)
    (via_min_size 0.4)
    (via_min_drill 0.3)
    (uvia_size 0.3)
    (uvia_drill 0.1)
    (uvias_allowed no)
    (uvia_min_size 0.2)
    (uvia_min_drill 0.1)
    (pcb_text_width 0.3)
    (pcb_text_size 1.5 1.5)
    (mod_edge_width 0.15)
    (mod_text_size 1 1)
    (mod_text_width 0.15)
    (pad_size 1.524 1.524)
    (pad_drill 0.762)
    (pad_to_mask_clearance 0.2)
    (solder_mask_min_width 0.25)
    (aux_axis_origin 0 0)
    (visible_elements 7FFFFFFF)
    (pcbplotparams
      (layerselection 0x010fc_ffffffff)
      (usegerberextensions false)
      (usegerberattributes true)
      (usegerberadvancedattributes false)
      (creategerberjobfile false)
      (excludeedgelayer false)
      (linewidth 0.150000)
      (plotframeref false)
      (viasonmask false)
      (mode 1)
      (useauxorigin false)
      (hpglpennumber 1)
      (hpglpenspeed 20)
      (hpglpendiameter 15.000000)
      (psnegative false)
      (psa4output false)
      (plotreference true)
      (plotvalue true)
      (plotinvisibletext false)
      (padsonsilk false)
      (subtractmaskfromsilk false)
      (outputformat 1)
      (mirror false)
      (drillshape 0)
      (scaleselection 1)
      (outputdirectory "gerberRevA"))
  )

  (net 0 "")
  (net 1 GND)
  (net 2 "Net-(R206-Pad2)")
  (net 3 Out1)
  (net 4 Out2)
  (net 5 "Net-(C201-Pad2)")
  (net 6 "Net-(C201-Pad1)")
  (net 7 "Net-(C202-Pad2)")
  (net 8 "Net-(J201-PadT)")
  (net 9 "Net-(J202-PadT)")
  (net 10 "Net-(J203-PadT)")
  (net 11 "Net-(J204-PadT)")
  (net 12 "Net-(J205-PadT)")
  (net 13 "Net-(J206-PadT)")
  (net 14 "Net-(J207-PadT)")
  (net 15 "Net-(J208-PadT)")
  (net 16 "Net-(P201-Pad4)")
  (net 17 "Net-(R201-Pad1)")
  (net 18 In1)
  (net 19 "Net-(R208-Pad1)")
  (net 20 In2)
  (net 21 "Net-(R212-Pad2)")
  (net 22 "Net-(J208-PadTN)")
  (net 23 "Net-(J207-PadTN)")
  (net 24 "Net-(J206-PadTN)")
  (net 25 "Net-(J204-PadTN)")

  (net_class Default "This is the default net class."
    (clearance 0.2)
    (trace_width 0.25)
    (via_dia 0.8)
    (via_drill 0.4)
    (uvia_dia 0.3)
    (uvia_drill 0.1)
    (add_net In1)
    (add_net In2)
    (add_net "Net-(C201-Pad1)")
    (add_net "Net-(C201-Pad2)")
    (add_net "Net-(C202-Pad2)")
    (add_net "Net-(J201-PadT)")
    (add_net "Net-(J202-PadT)")
    (add_net "Net-(J203-PadT)")
    (add_net "Net-(J204-PadT)")
    (add_net "Net-(J204-PadTN)")
    (add_net "Net-(J205-PadT)")
    (add_net "Net-(J206-PadT)")
    (add_net "Net-(J206-PadTN)")
    (add_net "Net-(J207-PadT)")
    (add_net "Net-(J207-PadTN)")
    (add_net "Net-(J208-PadT)")
    (add_net "Net-(J208-PadTN)")
    (add_net "Net-(P201-Pad4)")
    (add_net "Net-(R201-Pad1)")
    (add_net "Net-(R206-Pad2)")
    (add_net "Net-(R208-Pad1)")
    (add_net "Net-(R212-Pad2)")
    (add_net Out1)
    (add_net Out2)
  )

  (net_class Power ""
    (clearance 0.2)
    (trace_width 0.4)
    (via_dia 1)
    (via_drill 0.5)
    (uvia_dia 0.3)
    (uvia_drill 0.1)
    (add_net GND)
  )

  (module Capacitor_SMD:C_1206_3216Metric_Pad1.42x1.75mm_HandSolder (layer B.Cu) (tedit 5B301BBE) (tstamp 5C89FCFA)
    (at 144.109482 39.741805)
    (descr "Capacitor SMD 1206 (3216 Metric), square (rectangular) end terminal, IPC_7351 nominal with elongated pad for handsoldering. (Body size source: http://www.tortai-tech.com/upload/download/2011102023233369053.pdf), generated with kicad-footprint-generator")
    (tags "capacitor handsolder")
    (path /5C8C5FC0/5C8DBE01)
    (attr smd)
    (fp_text reference C201 (at 0 1.82) (layer B.SilkS)
      (effects (font (size 1 1) (thickness 0.15)) (justify mirror))
    )
    (fp_text value 1u (at 0 -1.82) (layer B.Fab)
      (effects (font (size 1 1) (thickness 0.15)) (justify mirror))
    )
    (fp_text user %R (at 0 0) (layer B.Fab)
      (effects (font (size 0.8 0.8) (thickness 0.12)) (justify mirror))
    )
    (fp_line (start 2.45 -1.12) (end -2.45 -1.12) (layer B.CrtYd) (width 0.05))
    (fp_line (start 2.45 1.12) (end 2.45 -1.12) (layer B.CrtYd) (width 0.05))
    (fp_line (start -2.45 1.12) (end 2.45 1.12) (layer B.CrtYd) (width 0.05))
    (fp_line (start -2.45 -1.12) (end -2.45 1.12) (layer B.CrtYd) (width 0.05))
    (fp_line (start -0.602064 -0.91) (end 0.602064 -0.91) (layer B.SilkS) (width 0.12))
    (fp_line (start -0.602064 0.91) (end 0.602064 0.91) (layer B.SilkS) (width 0.12))
    (fp_line (start 1.6 -0.8) (end -1.6 -0.8) (layer B.Fab) (width 0.1))
    (fp_line (start 1.6 0.8) (end 1.6 -0.8) (layer B.Fab) (width 0.1))
    (fp_line (start -1.6 0.8) (end 1.6 0.8) (layer B.Fab) (width 0.1))
    (fp_line (start -1.6 -0.8) (end -1.6 0.8) (layer B.Fab) (width 0.1))
    (pad 2 smd roundrect (at 1.4875 0) (size 1.425 1.75) (layers B.Cu B.Paste B.Mask) (roundrect_rratio 0.175439)
      (net 5 "Net-(C201-Pad2)"))
    (pad 1 smd roundrect (at -1.4875 0) (size 1.425 1.75) (layers B.Cu B.Paste B.Mask) (roundrect_rratio 0.175439)
      (net 6 "Net-(C201-Pad1)"))
    (model ${KISYS3DMOD}/Capacitor_SMD.3dshapes/C_1206_3216Metric.wrl
      (at (xyz 0 0 0))
      (scale (xyz 1 1 1))
      (rotate (xyz 0 0 0))
    )
  )

  (module Capacitor_SMD:C_1206_3216Metric_Pad1.42x1.75mm_HandSolder (layer B.Cu) (tedit 5B301BBE) (tstamp 5C89FD0B)
    (at 153.819482 41.021805)
    (descr "Capacitor SMD 1206 (3216 Metric), square (rectangular) end terminal, IPC_7351 nominal with elongated pad for handsoldering. (Body size source: http://www.tortai-tech.com/upload/download/2011102023233369053.pdf), generated with kicad-footprint-generator")
    (tags "capacitor handsolder")
    (path /5C8C5FC0/5C8DBEFD)
    (attr smd)
    (fp_text reference C202 (at 0 1.82) (layer B.SilkS)
      (effects (font (size 1 1) (thickness 0.15)) (justify mirror))
    )
    (fp_text value 1u (at 0 -1.82) (layer B.Fab)
      (effects (font (size 1 1) (thickness 0.15)) (justify mirror))
    )
    (fp_line (start -1.6 -0.8) (end -1.6 0.8) (layer B.Fab) (width 0.1))
    (fp_line (start -1.6 0.8) (end 1.6 0.8) (layer B.Fab) (width 0.1))
    (fp_line (start 1.6 0.8) (end 1.6 -0.8) (layer B.Fab) (width 0.1))
    (fp_line (start 1.6 -0.8) (end -1.6 -0.8) (layer B.Fab) (width 0.1))
    (fp_line (start -0.602064 0.91) (end 0.602064 0.91) (layer B.SilkS) (width 0.12))
    (fp_line (start -0.602064 -0.91) (end 0.602064 -0.91) (layer B.SilkS) (width 0.12))
    (fp_line (start -2.45 -1.12) (end -2.45 1.12) (layer B.CrtYd) (width 0.05))
    (fp_line (start -2.45 1.12) (end 2.45 1.12) (layer B.CrtYd) (width 0.05))
    (fp_line (start 2.45 1.12) (end 2.45 -1.12) (layer B.CrtYd) (width 0.05))
    (fp_line (start 2.45 -1.12) (end -2.45 -1.12) (layer B.CrtYd) (width 0.05))
    (fp_text user %R (at 0 0) (layer B.Fab)
      (effects (font (size 0.8 0.8) (thickness 0.12)) (justify mirror))
    )
    (pad 1 smd roundrect (at -1.4875 0) (size 1.425 1.75) (layers B.Cu B.Paste B.Mask) (roundrect_rratio 0.175439)
      (net 5 "Net-(C201-Pad2)"))
    (pad 2 smd roundrect (at 1.4875 0) (size 1.425 1.75) (layers B.Cu B.Paste B.Mask) (roundrect_rratio 0.175439)
      (net 7 "Net-(C202-Pad2)"))
    (model ${KISYS3DMOD}/Capacitor_SMD.3dshapes/C_1206_3216Metric.wrl
      (at (xyz 0 0 0))
      (scale (xyz 1 1 1))
      (rotate (xyz 0 0 0))
    )
  )

  (module AJ-Dropbox-Kicad:PJ301SM (layer F.Cu) (tedit 5C72DE25) (tstamp 5C89FD1A)
    (at 149.65 84.143224 90)
    (path /5C8C5FC0/5C8C64CB)
    (fp_text reference J201 (at 0 -3.5 90) (layer F.SilkS)
      (effects (font (size 0.75 1) (thickness 0.125)))
    )
    (fp_text value In1.1 (at 3 5.5 90) (layer F.SilkS)
      (effects (font (size 1 1) (thickness 0.15)))
    )
    (fp_line (start 1.8 0) (end -1.8 0) (layer F.SilkS) (width 0.15))
    (fp_line (start 0 -1.8) (end 0 1.8) (layer F.SilkS) (width 0.15))
    (fp_line (start -4.5 4.5) (end 4.5 4.5) (layer F.SilkS) (width 0.15))
    (fp_line (start 4.5 4.5) (end 4.5 -6) (layer F.SilkS) (width 0.15))
    (fp_line (start 4.5 -6) (end -4.5 -6) (layer F.SilkS) (width 0.15))
    (fp_line (start -4.5 -6) (end -4.5 4.5) (layer F.SilkS) (width 0.15))
    (fp_circle (center 0 0) (end 3 0.2) (layer F.SilkS) (width 0.15))
    (fp_circle (center 0 0) (end 1.8 0) (layer F.SilkS) (width 0.15))
    (pad TN thru_hole oval (at 0 3.38 90) (size 2.8 1.6) (drill oval 2 0.6) (layers *.Cu *.Mask)
      (net 1 GND))
    (pad S thru_hole oval (at 0 6.48 90) (size 2.4 1.6) (drill oval 1.4 0.6) (layers *.Cu *.Mask)
      (net 1 GND))
    (pad T thru_hole oval (at 0 -4.92 90) (size 2.8 1.5) (drill oval 2.1 0.5) (layers *.Cu *.Mask)
      (net 8 "Net-(J201-PadT)"))
    (model ${KIPRJMOD}/Local.pretty/PJ398SM.step
      (offset (xyz 0 0 9))
      (scale (xyz 1 1 1))
      (rotate (xyz -90 0 0))
    )
    (model C:/Users/anders/Documents/KiCad/Lib/aj_packages3d/3D/Connectors/PJ398SM.step
      (offset (xyz 0 0 8))
      (scale (xyz 1 1 1))
      (rotate (xyz -90 0 0))
    )
  )

  (module AJ-Dropbox-Kicad:PJ301SM (layer F.Cu) (tedit 5C72DE25) (tstamp 5C8A03A7)
    (at 149.65 74 90)
    (path /5C8C5FC0/5C8C64D2)
    (fp_text reference J202 (at 0 -3.5 90) (layer F.SilkS)
      (effects (font (size 0.75 1) (thickness 0.125)))
    )
    (fp_text value In1.2 (at 3 5.5 90) (layer F.SilkS)
      (effects (font (size 1 1) (thickness 0.15)))
    )
    (fp_circle (center 0 0) (end 1.8 0) (layer F.SilkS) (width 0.15))
    (fp_circle (center 0 0) (end 3 0.2) (layer F.SilkS) (width 0.15))
    (fp_line (start -4.5 -6) (end -4.5 4.5) (layer F.SilkS) (width 0.15))
    (fp_line (start 4.5 -6) (end -4.5 -6) (layer F.SilkS) (width 0.15))
    (fp_line (start 4.5 4.5) (end 4.5 -6) (layer F.SilkS) (width 0.15))
    (fp_line (start -4.5 4.5) (end 4.5 4.5) (layer F.SilkS) (width 0.15))
    (fp_line (start 0 -1.8) (end 0 1.8) (layer F.SilkS) (width 0.15))
    (fp_line (start 1.8 0) (end -1.8 0) (layer F.SilkS) (width 0.15))
    (pad T thru_hole oval (at 0 -4.92 90) (size 2.8 1.5) (drill oval 2.1 0.5) (layers *.Cu *.Mask)
      (net 9 "Net-(J202-PadT)"))
    (pad S thru_hole oval (at 0 6.48 90) (size 2.4 1.6) (drill oval 1.4 0.6) (layers *.Cu *.Mask)
      (net 1 GND))
    (pad TN thru_hole oval (at 0 3.38 90) (size 2.8 1.6) (drill oval 2 0.6) (layers *.Cu *.Mask)
      (net 1 GND))
    (model ${KIPRJMOD}/Local.pretty/PJ398SM.step
      (offset (xyz 0 0 9))
      (scale (xyz 1 1 1))
      (rotate (xyz -90 0 0))
    )
    (model C:/Users/anders/Documents/KiCad/Lib/aj_packages3d/3D/Connectors/PJ398SM.step
      (offset (xyz 0 0 8))
      (scale (xyz 1 1 1))
      (rotate (xyz -90 0 0))
    )
  )

  (module AJ-Dropbox-Kicad:PJ301SM (layer F.Cu) (tedit 5C72DE25) (tstamp 5C8A1742)
    (at 149.65 64 90)
    (path /5C8C5FC0/5C8C657F)
    (fp_text reference J203 (at 0 -3.5 90) (layer F.SilkS)
      (effects (font (size 0.75 1) (thickness 0.125)))
    )
    (fp_text value In1.3 (at 3 5.5 90) (layer F.SilkS)
      (effects (font (size 1 1) (thickness 0.15)))
    )
    (fp_circle (center 0 0) (end 1.8 0) (layer F.SilkS) (width 0.15))
    (fp_circle (center 0 0) (end 3 0.2) (layer F.SilkS) (width 0.15))
    (fp_line (start -4.5 -6) (end -4.5 4.5) (layer F.SilkS) (width 0.15))
    (fp_line (start 4.5 -6) (end -4.5 -6) (layer F.SilkS) (width 0.15))
    (fp_line (start 4.5 4.5) (end 4.5 -6) (layer F.SilkS) (width 0.15))
    (fp_line (start -4.5 4.5) (end 4.5 4.5) (layer F.SilkS) (width 0.15))
    (fp_line (start 0 -1.8) (end 0 1.8) (layer F.SilkS) (width 0.15))
    (fp_line (start 1.8 0) (end -1.8 0) (layer F.SilkS) (width 0.15))
    (pad T thru_hole oval (at 0 -4.92 90) (size 2.8 1.5) (drill oval 2.1 0.5) (layers *.Cu *.Mask)
      (net 10 "Net-(J203-PadT)"))
    (pad S thru_hole oval (at 0 6.48 90) (size 2.4 1.6) (drill oval 1.4 0.6) (layers *.Cu *.Mask)
      (net 1 GND))
    (pad TN thru_hole oval (at 0 3.38 90) (size 2.8 1.6) (drill oval 2 0.6) (layers *.Cu *.Mask)
      (net 1 GND))
    (model ${KIPRJMOD}/Local.pretty/PJ398SM.step
      (offset (xyz 0 0 9))
      (scale (xyz 1 1 1))
      (rotate (xyz -90 0 0))
    )
    (model C:/Users/anders/Documents/KiCad/Lib/aj_packages3d/3D/Connectors/PJ398SM.step
      (offset (xyz 0 0 8))
      (scale (xyz 1 1 1))
      (rotate (xyz -90 0 0))
    )
  )

  (module AJ-Dropbox-Kicad:PJ301SM (layer F.Cu) (tedit 5C72DE25) (tstamp 5C89FD47)
    (at 149.65 94 90)
    (path /5C8C5FC0/5C8C64E8)
    (fp_text reference J204 (at 0 -3.5 90) (layer F.SilkS)
      (effects (font (size 0.75 1) (thickness 0.125)))
    )
    (fp_text value Out1 (at 3 5.5 90) (layer F.SilkS)
      (effects (font (size 1 1) (thickness 0.15)))
    )
    (fp_line (start 1.8 0) (end -1.8 0) (layer F.SilkS) (width 0.15))
    (fp_line (start 0 -1.8) (end 0 1.8) (layer F.SilkS) (width 0.15))
    (fp_line (start -4.5 4.5) (end 4.5 4.5) (layer F.SilkS) (width 0.15))
    (fp_line (start 4.5 4.5) (end 4.5 -6) (layer F.SilkS) (width 0.15))
    (fp_line (start 4.5 -6) (end -4.5 -6) (layer F.SilkS) (width 0.15))
    (fp_line (start -4.5 -6) (end -4.5 4.5) (layer F.SilkS) (width 0.15))
    (fp_circle (center 0 0) (end 3 0.2) (layer F.SilkS) (width 0.15))
    (fp_circle (center 0 0) (end 1.8 0) (layer F.SilkS) (width 0.15))
    (pad TN thru_hole oval (at 0 3.38 90) (size 2.8 1.6) (drill oval 2 0.6) (layers *.Cu *.Mask)
      (net 25 "Net-(J204-PadTN)"))
    (pad S thru_hole oval (at 0 6.48 90) (size 2.4 1.6) (drill oval 1.4 0.6) (layers *.Cu *.Mask)
      (net 1 GND))
    (pad T thru_hole oval (at 0 -4.92 90) (size 2.8 1.5) (drill oval 2.1 0.5) (layers *.Cu *.Mask)
      (net 11 "Net-(J204-PadT)"))
    (model ${KIPRJMOD}/Local.pretty/PJ398SM.step
      (offset (xyz 0 0 9))
      (scale (xyz 1 1 1))
      (rotate (xyz -90 0 0))
    )
    (model C:/Users/anders/Documents/KiCad/Lib/aj_packages3d/3D/Connectors/PJ398SM.step
      (offset (xyz 0 0 8))
      (scale (xyz 1 1 1))
      (rotate (xyz -90 0 0))
    )
  )

  (module AJ-Dropbox-Kicad:PJ301SM (layer F.Cu) (tedit 5C72DE25) (tstamp 5C8A03FB)
    (at 149.65 114 90)
    (path /5C8C5FC0/5C8C6502)
    (fp_text reference J205 (at 0 -3.5 90) (layer F.SilkS)
      (effects (font (size 0.75 1) (thickness 0.125)))
    )
    (fp_text value In2 (at 3 5.5 90) (layer F.SilkS)
      (effects (font (size 1 1) (thickness 0.15)))
    )
    (fp_line (start 1.8 0) (end -1.8 0) (layer F.SilkS) (width 0.15))
    (fp_line (start 0 -1.8) (end 0 1.8) (layer F.SilkS) (width 0.15))
    (fp_line (start -4.5 4.5) (end 4.5 4.5) (layer F.SilkS) (width 0.15))
    (fp_line (start 4.5 4.5) (end 4.5 -6) (layer F.SilkS) (width 0.15))
    (fp_line (start 4.5 -6) (end -4.5 -6) (layer F.SilkS) (width 0.15))
    (fp_line (start -4.5 -6) (end -4.5 4.5) (layer F.SilkS) (width 0.15))
    (fp_circle (center 0 0) (end 3 0.2) (layer F.SilkS) (width 0.15))
    (fp_circle (center 0 0) (end 1.8 0) (layer F.SilkS) (width 0.15))
    (pad TN thru_hole oval (at 0 3.38 90) (size 2.8 1.6) (drill oval 2 0.6) (layers *.Cu *.Mask)
      (net 11 "Net-(J204-PadT)"))
    (pad S thru_hole oval (at 0 6.48 90) (size 2.4 1.6) (drill oval 1.4 0.6) (layers *.Cu *.Mask)
      (net 1 GND))
    (pad T thru_hole oval (at 0 -4.92 90) (size 2.8 1.5) (drill oval 2.1 0.5) (layers *.Cu *.Mask)
      (net 12 "Net-(J205-PadT)"))
    (model ${KIPRJMOD}/Local.pretty/PJ398SM.step
      (offset (xyz 0 0 9))
      (scale (xyz 1 1 1))
      (rotate (xyz -90 0 0))
    )
    (model C:/Users/anders/Documents/KiCad/Lib/aj_packages3d/3D/Connectors/PJ398SM.step
      (offset (xyz 0 0 8))
      (scale (xyz 1 1 1))
      (rotate (xyz -90 0 0))
    )
  )

  (module AJ-Dropbox-Kicad:PJ301SM (layer F.Cu) (tedit 5C72DE25) (tstamp 5C8A03D1)
    (at 149.65 124 90)
    (path /5C8C5FC0/5C8C6509)
    (fp_text reference J206 (at 0 -3.5 90) (layer F.SilkS)
      (effects (font (size 0.75 1) (thickness 0.125)))
    )
    (fp_text value Out2.1 (at 3 5.5 90) (layer F.SilkS)
      (effects (font (size 1 1) (thickness 0.15)))
    )
    (fp_circle (center 0 0) (end 1.8 0) (layer F.SilkS) (width 0.15))
    (fp_circle (center 0 0) (end 3 0.2) (layer F.SilkS) (width 0.15))
    (fp_line (start -4.5 -6) (end -4.5 4.5) (layer F.SilkS) (width 0.15))
    (fp_line (start 4.5 -6) (end -4.5 -6) (layer F.SilkS) (width 0.15))
    (fp_line (start 4.5 4.5) (end 4.5 -6) (layer F.SilkS) (width 0.15))
    (fp_line (start -4.5 4.5) (end 4.5 4.5) (layer F.SilkS) (width 0.15))
    (fp_line (start 0 -1.8) (end 0 1.8) (layer F.SilkS) (width 0.15))
    (fp_line (start 1.8 0) (end -1.8 0) (layer F.SilkS) (width 0.15))
    (pad T thru_hole oval (at 0 -4.92 90) (size 2.8 1.5) (drill oval 2.1 0.5) (layers *.Cu *.Mask)
      (net 13 "Net-(J206-PadT)"))
    (pad S thru_hole oval (at 0 6.48 90) (size 2.4 1.6) (drill oval 1.4 0.6) (layers *.Cu *.Mask)
      (net 1 GND))
    (pad TN thru_hole oval (at 0 3.38 90) (size 2.8 1.6) (drill oval 2 0.6) (layers *.Cu *.Mask)
      (net 24 "Net-(J206-PadTN)"))
    (model ${KIPRJMOD}/Local.pretty/PJ398SM.step
      (offset (xyz 0 0 9))
      (scale (xyz 1 1 1))
      (rotate (xyz -90 0 0))
    )
    (model C:/Users/anders/Documents/KiCad/Lib/aj_packages3d/3D/Connectors/PJ398SM.step
      (offset (xyz 0 0 8))
      (scale (xyz 1 1 1))
      (rotate (xyz -90 0 0))
    )
  )

  (module AJ-Dropbox-Kicad:PJ301SM (layer F.Cu) (tedit 5C72DE25) (tstamp 5C89FD74)
    (at 149.65 134 90)
    (path /5C8C5FC0/5C8C65CB)
    (fp_text reference J207 (at 0 -3.5 90) (layer F.SilkS)
      (effects (font (size 0.75 1) (thickness 0.125)))
    )
    (fp_text value Out2.2 (at 3 5.5 90) (layer F.SilkS)
      (effects (font (size 1 1) (thickness 0.15)))
    )
    (fp_circle (center 0 0) (end 1.8 0) (layer F.SilkS) (width 0.15))
    (fp_circle (center 0 0) (end 3 0.2) (layer F.SilkS) (width 0.15))
    (fp_line (start -4.5 -6) (end -4.5 4.5) (layer F.SilkS) (width 0.15))
    (fp_line (start 4.5 -6) (end -4.5 -6) (layer F.SilkS) (width 0.15))
    (fp_line (start 4.5 4.5) (end 4.5 -6) (layer F.SilkS) (width 0.15))
    (fp_line (start -4.5 4.5) (end 4.5 4.5) (layer F.SilkS) (width 0.15))
    (fp_line (start 0 -1.8) (end 0 1.8) (layer F.SilkS) (width 0.15))
    (fp_line (start 1.8 0) (end -1.8 0) (layer F.SilkS) (width 0.15))
    (pad T thru_hole oval (at 0 -4.92 90) (size 2.8 1.5) (drill oval 2.1 0.5) (layers *.Cu *.Mask)
      (net 14 "Net-(J207-PadT)"))
    (pad S thru_hole oval (at 0 6.48 90) (size 2.4 1.6) (drill oval 1.4 0.6) (layers *.Cu *.Mask)
      (net 1 GND))
    (pad TN thru_hole oval (at 0 3.38 90) (size 2.8 1.6) (drill oval 2 0.6) (layers *.Cu *.Mask)
      (net 23 "Net-(J207-PadTN)"))
    (model ${KIPRJMOD}/Local.pretty/PJ398SM.step
      (offset (xyz 0 0 9))
      (scale (xyz 1 1 1))
      (rotate (xyz -90 0 0))
    )
    (model C:/Users/anders/Documents/KiCad/Lib/aj_packages3d/3D/Connectors/PJ398SM.step
      (offset (xyz 0 0 8))
      (scale (xyz 1 1 1))
      (rotate (xyz -90 0 0))
    )
  )

  (module AJ-Dropbox-Kicad:PJ301SM (layer F.Cu) (tedit 5C72DE25) (tstamp 5C89FD83)
    (at 149.65 144 90)
    (path /5C8C5FC0/5C8C6518)
    (fp_text reference J208 (at 0 -3.5 90) (layer F.SilkS)
      (effects (font (size 0.75 1) (thickness 0.125)))
    )
    (fp_text value Out2.3 (at 3 5.5 90) (layer F.SilkS)
      (effects (font (size 1 1) (thickness 0.15)))
    )
    (fp_line (start 1.8 0) (end -1.8 0) (layer F.SilkS) (width 0.15))
    (fp_line (start 0 -1.8) (end 0 1.8) (layer F.SilkS) (width 0.15))
    (fp_line (start -4.5 4.5) (end 4.5 4.5) (layer F.SilkS) (width 0.15))
    (fp_line (start 4.5 4.5) (end 4.5 -6) (layer F.SilkS) (width 0.15))
    (fp_line (start 4.5 -6) (end -4.5 -6) (layer F.SilkS) (width 0.15))
    (fp_line (start -4.5 -6) (end -4.5 4.5) (layer F.SilkS) (width 0.15))
    (fp_circle (center 0 0) (end 3 0.2) (layer F.SilkS) (width 0.15))
    (fp_circle (center 0 0) (end 1.8 0) (layer F.SilkS) (width 0.15))
    (pad TN thru_hole oval (at 0 3.38 90) (size 2.8 1.6) (drill oval 2 0.6) (layers *.Cu *.Mask)
      (net 22 "Net-(J208-PadTN)"))
    (pad S thru_hole oval (at 0 6.48 90) (size 2.4 1.6) (drill oval 1.4 0.6) (layers *.Cu *.Mask)
      (net 1 GND))
    (pad T thru_hole oval (at 0 -4.92 90) (size 2.8 1.5) (drill oval 2.1 0.5) (layers *.Cu *.Mask)
      (net 15 "Net-(J208-PadT)"))
    (model ${KIPRJMOD}/Local.pretty/PJ398SM.step
      (offset (xyz 0 0 9))
      (scale (xyz 1 1 1))
      (rotate (xyz -90 0 0))
    )
    (model C:/Users/anders/Documents/KiCad/Lib/aj_packages3d/3D/Connectors/PJ398SM.step
      (offset (xyz 0 0 8))
      (scale (xyz 1 1 1))
      (rotate (xyz -90 0 0))
    )
  )

  (module Connector_IDC:IDC-Header_2x05_P2.54mm_Vertical (layer B.Cu) (tedit 59DE0611) (tstamp 5C89FDAB)
    (at 148 71)
    (descr "Through hole straight IDC box header, 2x05, 2.54mm pitch, double rows")
    (tags "Through hole IDC box header THT 2x05 2.54mm double row")
    (path /5C8C5FC0/5C8CA174)
    (fp_text reference P201 (at 1.27 6.604) (layer B.SilkS)
      (effects (font (size 1 1) (thickness 0.15)) (justify mirror))
    )
    (fp_text value HEADER_2x5_Doepfer (at 1.27 -16.764) (layer B.Fab)
      (effects (font (size 1 1) (thickness 0.15)) (justify mirror))
    )
    (fp_text user %R (at 1.27 -5.08) (layer B.Fab)
      (effects (font (size 1 1) (thickness 0.15)) (justify mirror))
    )
    (fp_line (start 5.695 5.1) (end 5.695 -15.26) (layer B.Fab) (width 0.1))
    (fp_line (start 5.145 4.56) (end 5.145 -14.7) (layer B.Fab) (width 0.1))
    (fp_line (start -3.155 5.1) (end -3.155 -15.26) (layer B.Fab) (width 0.1))
    (fp_line (start -2.605 4.56) (end -2.605 -2.83) (layer B.Fab) (width 0.1))
    (fp_line (start -2.605 -7.33) (end -2.605 -14.7) (layer B.Fab) (width 0.1))
    (fp_line (start -2.605 -2.83) (end -3.155 -2.83) (layer B.Fab) (width 0.1))
    (fp_line (start -2.605 -7.33) (end -3.155 -7.33) (layer B.Fab) (width 0.1))
    (fp_line (start 5.695 5.1) (end -3.155 5.1) (layer B.Fab) (width 0.1))
    (fp_line (start 5.145 4.56) (end -2.605 4.56) (layer B.Fab) (width 0.1))
    (fp_line (start 5.695 -15.26) (end -3.155 -15.26) (layer B.Fab) (width 0.1))
    (fp_line (start 5.145 -14.7) (end -2.605 -14.7) (layer B.Fab) (width 0.1))
    (fp_line (start 5.695 5.1) (end 5.145 4.56) (layer B.Fab) (width 0.1))
    (fp_line (start 5.695 -15.26) (end 5.145 -14.7) (layer B.Fab) (width 0.1))
    (fp_line (start -3.155 5.1) (end -2.605 4.56) (layer B.Fab) (width 0.1))
    (fp_line (start -3.155 -15.26) (end -2.605 -14.7) (layer B.Fab) (width 0.1))
    (fp_line (start 5.95 5.35) (end 5.95 -15.51) (layer B.CrtYd) (width 0.05))
    (fp_line (start 5.95 -15.51) (end -3.41 -15.51) (layer B.CrtYd) (width 0.05))
    (fp_line (start -3.41 -15.51) (end -3.41 5.35) (layer B.CrtYd) (width 0.05))
    (fp_line (start -3.41 5.35) (end 5.95 5.35) (layer B.CrtYd) (width 0.05))
    (fp_line (start 5.945 5.35) (end 5.945 -15.51) (layer B.SilkS) (width 0.12))
    (fp_line (start 5.945 -15.51) (end -3.405 -15.51) (layer B.SilkS) (width 0.12))
    (fp_line (start -3.405 -15.51) (end -3.405 5.35) (layer B.SilkS) (width 0.12))
    (fp_line (start -3.405 5.35) (end 5.945 5.35) (layer B.SilkS) (width 0.12))
    (fp_line (start -3.655 5.6) (end -3.655 3.06) (layer B.SilkS) (width 0.12))
    (fp_line (start -3.655 5.6) (end -1.115 5.6) (layer B.SilkS) (width 0.12))
    (pad 1 thru_hole rect (at 0 0) (size 1.7272 1.7272) (drill 1.016) (layers *.Cu *.Mask)
      (net 7 "Net-(C202-Pad2)"))
    (pad 2 thru_hole oval (at 2.54 0) (size 1.7272 1.7272) (drill 1.016) (layers *.Cu *.Mask)
      (net 7 "Net-(C202-Pad2)"))
    (pad 3 thru_hole oval (at 0 -2.54) (size 1.7272 1.7272) (drill 1.016) (layers *.Cu *.Mask)
      (net 5 "Net-(C201-Pad2)"))
    (pad 4 thru_hole oval (at 2.54 -2.54) (size 1.7272 1.7272) (drill 1.016) (layers *.Cu *.Mask)
      (net 16 "Net-(P201-Pad4)"))
    (pad 5 thru_hole oval (at 0 -5.08) (size 1.7272 1.7272) (drill 1.016) (layers *.Cu *.Mask)
      (net 5 "Net-(C201-Pad2)"))
    (pad 6 thru_hole oval (at 2.54 -5.08) (size 1.7272 1.7272) (drill 1.016) (layers *.Cu *.Mask)
      (net 16 "Net-(P201-Pad4)"))
    (pad 7 thru_hole oval (at 0 -7.62) (size 1.7272 1.7272) (drill 1.016) (layers *.Cu *.Mask)
      (net 5 "Net-(C201-Pad2)"))
    (pad 8 thru_hole oval (at 2.54 -7.62) (size 1.7272 1.7272) (drill 1.016) (layers *.Cu *.Mask)
      (net 16 "Net-(P201-Pad4)"))
    (pad 9 thru_hole oval (at 0 -10.16) (size 1.7272 1.7272) (drill 1.016) (layers *.Cu *.Mask)
      (net 6 "Net-(C201-Pad1)"))
    (pad 10 thru_hole oval (at 2.54 -10.16) (size 1.7272 1.7272) (drill 1.016) (layers *.Cu *.Mask)
      (net 6 "Net-(C201-Pad1)"))
    (model ${KISYS3DMOD}/Connector_IDC.3dshapes/IDC-Header_2x05_P2.54mm_Vertical.wrl
      (at (xyz 0 0 0))
      (scale (xyz 1 1 1))
      (rotate (xyz 0 0 0))
    )
  )

  (module Resistor_SMD:R_0805_2012Metric_Pad1.15x1.40mm_HandSolder (layer B.Cu) (tedit 5B36C52B) (tstamp 5C89FDBC)
    (at 148.459482 39.911805)
    (descr "Resistor SMD 0805 (2012 Metric), square (rectangular) end terminal, IPC_7351 nominal with elongated pad for handsoldering. (Body size source: https://docs.google.com/spreadsheets/d/1BsfQQcO9C6DZCsRaXUlFlo91Tg2WpOkGARC1WS5S8t0/edit?usp=sharing), generated with kicad-footprint-generator")
    (tags "resistor handsolder")
    (path /5C8C5FC0/5C8C659A)
    (attr smd)
    (fp_text reference R201 (at 0 1.65) (layer B.SilkS)
      (effects (font (size 1 1) (thickness 0.15)) (justify mirror))
    )
    (fp_text value 47k (at 0 -1.65) (layer B.Fab)
      (effects (font (size 1 1) (thickness 0.15)) (justify mirror))
    )
    (fp_text user %R (at 0 0) (layer B.Fab)
      (effects (font (size 0.5 0.5) (thickness 0.08)) (justify mirror))
    )
    (fp_line (start 1.85 -0.95) (end -1.85 -0.95) (layer B.CrtYd) (width 0.05))
    (fp_line (start 1.85 0.95) (end 1.85 -0.95) (layer B.CrtYd) (width 0.05))
    (fp_line (start -1.85 0.95) (end 1.85 0.95) (layer B.CrtYd) (width 0.05))
    (fp_line (start -1.85 -0.95) (end -1.85 0.95) (layer B.CrtYd) (width 0.05))
    (fp_line (start -0.261252 -0.71) (end 0.261252 -0.71) (layer B.SilkS) (width 0.12))
    (fp_line (start -0.261252 0.71) (end 0.261252 0.71) (layer B.SilkS) (width 0.12))
    (fp_line (start 1 -0.6) (end -1 -0.6) (layer B.Fab) (width 0.1))
    (fp_line (start 1 0.6) (end 1 -0.6) (layer B.Fab) (width 0.1))
    (fp_line (start -1 0.6) (end 1 0.6) (layer B.Fab) (width 0.1))
    (fp_line (start -1 -0.6) (end -1 0.6) (layer B.Fab) (width 0.1))
    (pad 2 smd roundrect (at 1.025 0) (size 1.15 1.4) (layers B.Cu B.Paste B.Mask) (roundrect_rratio 0.217391)
      (net 1 GND))
    (pad 1 smd roundrect (at -1.025 0) (size 1.15 1.4) (layers B.Cu B.Paste B.Mask) (roundrect_rratio 0.217391)
      (net 17 "Net-(R201-Pad1)"))
    (model ${KISYS3DMOD}/Resistor_SMD.3dshapes/R_0805_2012Metric.wrl
      (at (xyz 0 0 0))
      (scale (xyz 1 1 1))
      (rotate (xyz 0 0 0))
    )
  )

  (module Resistor_SMD:R_0805_2012Metric_Pad1.15x1.40mm_HandSolder (layer B.Cu) (tedit 5B36C52B) (tstamp 5C89FDCD)
    (at 147.259482 37.621805)
    (descr "Resistor SMD 0805 (2012 Metric), square (rectangular) end terminal, IPC_7351 nominal with elongated pad for handsoldering. (Body size source: https://docs.google.com/spreadsheets/d/1BsfQQcO9C6DZCsRaXUlFlo91Tg2WpOkGARC1WS5S8t0/edit?usp=sharing), generated with kicad-footprint-generator")
    (tags "resistor handsolder")
    (path /5C8C5FC0/5C8C6539)
    (attr smd)
    (fp_text reference R202 (at 0 1.65) (layer B.SilkS)
      (effects (font (size 1 1) (thickness 0.15)) (justify mirror))
    )
    (fp_text value 20k (at 0 -1.65) (layer B.Fab)
      (effects (font (size 1 1) (thickness 0.15)) (justify mirror))
    )
    (fp_text user %R (at 0 0) (layer B.Fab)
      (effects (font (size 0.5 0.5) (thickness 0.08)) (justify mirror))
    )
    (fp_line (start 1.85 -0.95) (end -1.85 -0.95) (layer B.CrtYd) (width 0.05))
    (fp_line (start 1.85 0.95) (end 1.85 -0.95) (layer B.CrtYd) (width 0.05))
    (fp_line (start -1.85 0.95) (end 1.85 0.95) (layer B.CrtYd) (width 0.05))
    (fp_line (start -1.85 -0.95) (end -1.85 0.95) (layer B.CrtYd) (width 0.05))
    (fp_line (start -0.261252 -0.71) (end 0.261252 -0.71) (layer B.SilkS) (width 0.12))
    (fp_line (start -0.261252 0.71) (end 0.261252 0.71) (layer B.SilkS) (width 0.12))
    (fp_line (start 1 -0.6) (end -1 -0.6) (layer B.Fab) (width 0.1))
    (fp_line (start 1 0.6) (end 1 -0.6) (layer B.Fab) (width 0.1))
    (fp_line (start -1 0.6) (end 1 0.6) (layer B.Fab) (width 0.1))
    (fp_line (start -1 -0.6) (end -1 0.6) (layer B.Fab) (width 0.1))
    (pad 2 smd roundrect (at 1.025 0) (size 1.15 1.4) (layers B.Cu B.Paste B.Mask) (roundrect_rratio 0.217391)
      (net 17 "Net-(R201-Pad1)"))
    (pad 1 smd roundrect (at -1.025 0) (size 1.15 1.4) (layers B.Cu B.Paste B.Mask) (roundrect_rratio 0.217391)
      (net 3 Out1))
    (model ${KISYS3DMOD}/Resistor_SMD.3dshapes/R_0805_2012Metric.wrl
      (at (xyz 0 0 0))
      (scale (xyz 1 1 1))
      (rotate (xyz 0 0 0))
    )
  )

  (module Resistor_SMD:R_0805_2012Metric_Pad1.15x1.40mm_HandSolder (layer B.Cu) (tedit 5B36C52B) (tstamp 5C89FDDE)
    (at 158.169482 41.191805)
    (descr "Resistor SMD 0805 (2012 Metric), square (rectangular) end terminal, IPC_7351 nominal with elongated pad for handsoldering. (Body size source: https://docs.google.com/spreadsheets/d/1BsfQQcO9C6DZCsRaXUlFlo91Tg2WpOkGARC1WS5S8t0/edit?usp=sharing), generated with kicad-footprint-generator")
    (tags "resistor handsolder")
    (path /5C8C5FC0/5C8C64BD)
    (attr smd)
    (fp_text reference R203 (at 0 1.65) (layer B.SilkS)
      (effects (font (size 1 1) (thickness 0.15)) (justify mirror))
    )
    (fp_text value 47k (at 0 -1.65) (layer B.Fab)
      (effects (font (size 1 1) (thickness 0.15)) (justify mirror))
    )
    (fp_line (start -1 -0.6) (end -1 0.6) (layer B.Fab) (width 0.1))
    (fp_line (start -1 0.6) (end 1 0.6) (layer B.Fab) (width 0.1))
    (fp_line (start 1 0.6) (end 1 -0.6) (layer B.Fab) (width 0.1))
    (fp_line (start 1 -0.6) (end -1 -0.6) (layer B.Fab) (width 0.1))
    (fp_line (start -0.261252 0.71) (end 0.261252 0.71) (layer B.SilkS) (width 0.12))
    (fp_line (start -0.261252 -0.71) (end 0.261252 -0.71) (layer B.SilkS) (width 0.12))
    (fp_line (start -1.85 -0.95) (end -1.85 0.95) (layer B.CrtYd) (width 0.05))
    (fp_line (start -1.85 0.95) (end 1.85 0.95) (layer B.CrtYd) (width 0.05))
    (fp_line (start 1.85 0.95) (end 1.85 -0.95) (layer B.CrtYd) (width 0.05))
    (fp_line (start 1.85 -0.95) (end -1.85 -0.95) (layer B.CrtYd) (width 0.05))
    (fp_text user %R (at 0 0) (layer B.Fab)
      (effects (font (size 0.5 0.5) (thickness 0.08)) (justify mirror))
    )
    (pad 1 smd roundrect (at -1.025 0) (size 1.15 1.4) (layers B.Cu B.Paste B.Mask) (roundrect_rratio 0.217391)
      (net 18 In1))
    (pad 2 smd roundrect (at 1.025 0) (size 1.15 1.4) (layers B.Cu B.Paste B.Mask) (roundrect_rratio 0.217391)
      (net 8 "Net-(J201-PadT)"))
    (model ${KISYS3DMOD}/Resistor_SMD.3dshapes/R_0805_2012Metric.wrl
      (at (xyz 0 0 0))
      (scale (xyz 1 1 1))
      (rotate (xyz 0 0 0))
    )
  )

  (module Resistor_SMD:R_0805_2012Metric_Pad1.15x1.40mm_HandSolder (layer B.Cu) (tedit 5B36C52B) (tstamp 5C89FDEF)
    (at 169.759482 39.241805)
    (descr "Resistor SMD 0805 (2012 Metric), square (rectangular) end terminal, IPC_7351 nominal with elongated pad for handsoldering. (Body size source: https://docs.google.com/spreadsheets/d/1BsfQQcO9C6DZCsRaXUlFlo91Tg2WpOkGARC1WS5S8t0/edit?usp=sharing), generated with kicad-footprint-generator")
    (tags "resistor handsolder")
    (path /5C8C5FC0/5C8C64C4)
    (attr smd)
    (fp_text reference R204 (at 0 1.65) (layer B.SilkS)
      (effects (font (size 1 1) (thickness 0.15)) (justify mirror))
    )
    (fp_text value 47k (at 0 -1.65) (layer B.Fab)
      (effects (font (size 1 1) (thickness 0.15)) (justify mirror))
    )
    (fp_text user %R (at 0 0) (layer B.Fab)
      (effects (font (size 0.5 0.5) (thickness 0.08)) (justify mirror))
    )
    (fp_line (start 1.85 -0.95) (end -1.85 -0.95) (layer B.CrtYd) (width 0.05))
    (fp_line (start 1.85 0.95) (end 1.85 -0.95) (layer B.CrtYd) (width 0.05))
    (fp_line (start -1.85 0.95) (end 1.85 0.95) (layer B.CrtYd) (width 0.05))
    (fp_line (start -1.85 -0.95) (end -1.85 0.95) (layer B.CrtYd) (width 0.05))
    (fp_line (start -0.261252 -0.71) (end 0.261252 -0.71) (layer B.SilkS) (width 0.12))
    (fp_line (start -0.261252 0.71) (end 0.261252 0.71) (layer B.SilkS) (width 0.12))
    (fp_line (start 1 -0.6) (end -1 -0.6) (layer B.Fab) (width 0.1))
    (fp_line (start 1 0.6) (end 1 -0.6) (layer B.Fab) (width 0.1))
    (fp_line (start -1 0.6) (end 1 0.6) (layer B.Fab) (width 0.1))
    (fp_line (start -1 -0.6) (end -1 0.6) (layer B.Fab) (width 0.1))
    (pad 2 smd roundrect (at 1.025 0) (size 1.15 1.4) (layers B.Cu B.Paste B.Mask) (roundrect_rratio 0.217391)
      (net 9 "Net-(J202-PadT)"))
    (pad 1 smd roundrect (at -1.025 0) (size 1.15 1.4) (layers B.Cu B.Paste B.Mask) (roundrect_rratio 0.217391)
      (net 18 In1))
    (model ${KISYS3DMOD}/Resistor_SMD.3dshapes/R_0805_2012Metric.wrl
      (at (xyz 0 0 0))
      (scale (xyz 1 1 1))
      (rotate (xyz 0 0 0))
    )
  )

  (module Resistor_SMD:R_0805_2012Metric_Pad1.15x1.40mm_HandSolder (layer B.Cu) (tedit 5B36C52B) (tstamp 5C89FE00)
    (at 143.509482 37.621805)
    (descr "Resistor SMD 0805 (2012 Metric), square (rectangular) end terminal, IPC_7351 nominal with elongated pad for handsoldering. (Body size source: https://docs.google.com/spreadsheets/d/1BsfQQcO9C6DZCsRaXUlFlo91Tg2WpOkGARC1WS5S8t0/edit?usp=sharing), generated with kicad-footprint-generator")
    (tags "resistor handsolder")
    (path /5C8C5FC0/5C8C6593)
    (attr smd)
    (fp_text reference R205 (at 0 1.65) (layer B.SilkS)
      (effects (font (size 1 1) (thickness 0.15)) (justify mirror))
    )
    (fp_text value 47k (at 0 -1.65) (layer B.Fab)
      (effects (font (size 1 1) (thickness 0.15)) (justify mirror))
    )
    (fp_line (start -1 -0.6) (end -1 0.6) (layer B.Fab) (width 0.1))
    (fp_line (start -1 0.6) (end 1 0.6) (layer B.Fab) (width 0.1))
    (fp_line (start 1 0.6) (end 1 -0.6) (layer B.Fab) (width 0.1))
    (fp_line (start 1 -0.6) (end -1 -0.6) (layer B.Fab) (width 0.1))
    (fp_line (start -0.261252 0.71) (end 0.261252 0.71) (layer B.SilkS) (width 0.12))
    (fp_line (start -0.261252 -0.71) (end 0.261252 -0.71) (layer B.SilkS) (width 0.12))
    (fp_line (start -1.85 -0.95) (end -1.85 0.95) (layer B.CrtYd) (width 0.05))
    (fp_line (start -1.85 0.95) (end 1.85 0.95) (layer B.CrtYd) (width 0.05))
    (fp_line (start 1.85 0.95) (end 1.85 -0.95) (layer B.CrtYd) (width 0.05))
    (fp_line (start 1.85 -0.95) (end -1.85 -0.95) (layer B.CrtYd) (width 0.05))
    (fp_text user %R (at 0 0) (layer B.Fab)
      (effects (font (size 0.5 0.5) (thickness 0.08)) (justify mirror))
    )
    (pad 1 smd roundrect (at -1.025 0) (size 1.15 1.4) (layers B.Cu B.Paste B.Mask) (roundrect_rratio 0.217391)
      (net 18 In1))
    (pad 2 smd roundrect (at 1.025 0) (size 1.15 1.4) (layers B.Cu B.Paste B.Mask) (roundrect_rratio 0.217391)
      (net 10 "Net-(J203-PadT)"))
    (model ${KISYS3DMOD}/Resistor_SMD.3dshapes/R_0805_2012Metric.wrl
      (at (xyz 0 0 0))
      (scale (xyz 1 1 1))
      (rotate (xyz 0 0 0))
    )
  )

  (module Resistor_SMD:R_0805_2012Metric_Pad1.15x1.40mm_HandSolder (layer B.Cu) (tedit 5B36C52B) (tstamp 5C89FE11)
    (at 151.009482 37.961805)
    (descr "Resistor SMD 0805 (2012 Metric), square (rectangular) end terminal, IPC_7351 nominal with elongated pad for handsoldering. (Body size source: https://docs.google.com/spreadsheets/d/1BsfQQcO9C6DZCsRaXUlFlo91Tg2WpOkGARC1WS5S8t0/edit?usp=sharing), generated with kicad-footprint-generator")
    (tags "resistor handsolder")
    (path /5C8C5FC0/5C8C65B6)
    (attr smd)
    (fp_text reference R206 (at 0 1.65) (layer B.SilkS)
      (effects (font (size 1 1) (thickness 0.15)) (justify mirror))
    )
    (fp_text value 47k (at 0 -1.65) (layer B.Fab)
      (effects (font (size 1 1) (thickness 0.15)) (justify mirror))
    )
    (fp_text user %R (at 0 0) (layer B.Fab)
      (effects (font (size 0.5 0.5) (thickness 0.08)) (justify mirror))
    )
    (fp_line (start 1.85 -0.95) (end -1.85 -0.95) (layer B.CrtYd) (width 0.05))
    (fp_line (start 1.85 0.95) (end 1.85 -0.95) (layer B.CrtYd) (width 0.05))
    (fp_line (start -1.85 0.95) (end 1.85 0.95) (layer B.CrtYd) (width 0.05))
    (fp_line (start -1.85 -0.95) (end -1.85 0.95) (layer B.CrtYd) (width 0.05))
    (fp_line (start -0.261252 -0.71) (end 0.261252 -0.71) (layer B.SilkS) (width 0.12))
    (fp_line (start -0.261252 0.71) (end 0.261252 0.71) (layer B.SilkS) (width 0.12))
    (fp_line (start 1 -0.6) (end -1 -0.6) (layer B.Fab) (width 0.1))
    (fp_line (start 1 0.6) (end 1 -0.6) (layer B.Fab) (width 0.1))
    (fp_line (start -1 0.6) (end 1 0.6) (layer B.Fab) (width 0.1))
    (fp_line (start -1 -0.6) (end -1 0.6) (layer B.Fab) (width 0.1))
    (pad 2 smd roundrect (at 1.025 0) (size 1.15 1.4) (layers B.Cu B.Paste B.Mask) (roundrect_rratio 0.217391)
      (net 2 "Net-(R206-Pad2)"))
    (pad 1 smd roundrect (at -1.025 0) (size 1.15 1.4) (layers B.Cu B.Paste B.Mask) (roundrect_rratio 0.217391)
      (net 1 GND))
    (model ${KISYS3DMOD}/Resistor_SMD.3dshapes/R_0805_2012Metric.wrl
      (at (xyz 0 0 0))
      (scale (xyz 1 1 1))
      (rotate (xyz 0 0 0))
    )
  )

  (module Resistor_SMD:R_0805_2012Metric_Pad1.15x1.40mm_HandSolder (layer B.Cu) (tedit 5B36C52B) (tstamp 5C89FE22)
    (at 154.759482 38.901805)
    (descr "Resistor SMD 0805 (2012 Metric), square (rectangular) end terminal, IPC_7351 nominal with elongated pad for handsoldering. (Body size source: https://docs.google.com/spreadsheets/d/1BsfQQcO9C6DZCsRaXUlFlo91Tg2WpOkGARC1WS5S8t0/edit?usp=sharing), generated with kicad-footprint-generator")
    (tags "resistor handsolder")
    (path /5C8C5FC0/5C8C64E1)
    (attr smd)
    (fp_text reference R207 (at 0 1.65) (layer B.SilkS)
      (effects (font (size 1 1) (thickness 0.15)) (justify mirror))
    )
    (fp_text value 4k7 (at 0 -1.65) (layer B.Fab)
      (effects (font (size 1 1) (thickness 0.15)) (justify mirror))
    )
    (fp_line (start -1 -0.6) (end -1 0.6) (layer B.Fab) (width 0.1))
    (fp_line (start -1 0.6) (end 1 0.6) (layer B.Fab) (width 0.1))
    (fp_line (start 1 0.6) (end 1 -0.6) (layer B.Fab) (width 0.1))
    (fp_line (start 1 -0.6) (end -1 -0.6) (layer B.Fab) (width 0.1))
    (fp_line (start -0.261252 0.71) (end 0.261252 0.71) (layer B.SilkS) (width 0.12))
    (fp_line (start -0.261252 -0.71) (end 0.261252 -0.71) (layer B.SilkS) (width 0.12))
    (fp_line (start -1.85 -0.95) (end -1.85 0.95) (layer B.CrtYd) (width 0.05))
    (fp_line (start -1.85 0.95) (end 1.85 0.95) (layer B.CrtYd) (width 0.05))
    (fp_line (start 1.85 0.95) (end 1.85 -0.95) (layer B.CrtYd) (width 0.05))
    (fp_line (start 1.85 -0.95) (end -1.85 -0.95) (layer B.CrtYd) (width 0.05))
    (fp_text user %R (at 0 0) (layer B.Fab)
      (effects (font (size 0.5 0.5) (thickness 0.08)) (justify mirror))
    )
    (pad 1 smd roundrect (at -1.025 0) (size 1.15 1.4) (layers B.Cu B.Paste B.Mask) (roundrect_rratio 0.217391)
      (net 3 Out1))
    (pad 2 smd roundrect (at 1.025 0) (size 1.15 1.4) (layers B.Cu B.Paste B.Mask) (roundrect_rratio 0.217391)
      (net 11 "Net-(J204-PadT)"))
    (model ${KISYS3DMOD}/Resistor_SMD.3dshapes/R_0805_2012Metric.wrl
      (at (xyz 0 0 0))
      (scale (xyz 1 1 1))
      (rotate (xyz 0 0 0))
    )
  )

